WEEK_DATA
n070w32

REQUIREMENTS
Early HeadNurse (1,1) (1,1) (1,1) (0,0) (1,1) (1,1) (1,1)
Early Nurse (2,3) (1,3) (2,3) (2,3) (2,3) (1,1) (1,1)
Early Caretaker (3,6) (2,5) (3,6) (3,5) (4,5) (1,3) (1,2)
Early Trainee (0,0) (2,2) (1,1) (1,1) (0,1) (1,1) (0,1)
Day HeadNurse (0,0) (1,1) (0,0) (0,0) (1,1) (1,1) (0,0)
Day Nurse (2,3) (1,3) (2,3) (2,2) (1,2) (1,1) (1,2)
Day Caretaker (3,6) (3,6) (2,5) (3,4) (3,7) (1,3) (1,2)
Day Trainee (2,3) (1,2) (0,0) (2,2) (2,2) (0,1) (1,2)
Late HeadNurse (0,0) (1,1) (0,0) (1,1) (1,1) (0,0) (1,1)
Late Nurse (2,3) (2,4) (2,3) (2,3) (1,3) (1,1) (1,1)
Late Caretaker (4,6) (4,6) (2,4) (2,3) (4,5) (1,3) (2,2)
Late Trainee (1,1) (1,2) (1,1) (0,0) (1,2) (0,0) (1,1)
Night HeadNurse (1,1) (0,0) (0,0) (0,0) (1,1) (1,1) (0,0)
Night Nurse (2,4) (2,3) (2,3) (1,3) (2,4) (1,1) (1,1)
Night Caretaker (2,5) (3,5) (4,5) (4,6) (4,7) (3,3) (2,3)
Night Trainee (1,1) (0,1) (1,2) (1,1) (2,3) (0,1) (0,0)

SHIFT_OFF_REQUESTS = 2
TR_60 Night Mon 
HN_4 Any Wed 
