WEEK_DATA
n070w32

REQUIREMENTS
Early HeadNurse (1,1) (1,1) (0,0) (0,0) (0,0) (0,1) (0,0)
Early Nurse (1,3) (1,2) (1,2) (1,4) (1,2) (1,2) (1,1)
Early Caretaker (2,5) (4,6) (3,5) (3,6) (4,7) (2,2) (2,2)
Early Trainee (1,2) (1,2) (1,2) (0,1) (1,1) (1,2) (1,1)
Day HeadNurse (0,1) (0,0) (1,1) (0,0) (1,1) (0,1) (1,1)
Day Nurse (1,3) (2,4) (2,2) (2,3) (2,3) (1,1) (1,1)
Day Caretaker (3,6) (4,6) (4,5) (3,6) (2,4) (1,2) (2,3)
Day Trainee (0,2) (1,1) (1,2) (0,0) (1,1) (1,2) (1,1)
Late HeadNurse (0,1) (0,1) (1,1) (1,1) (0,0) (1,1) (1,1)
Late Nurse (3,4) (1,2) (3,4) (1,3) (1,2) (1,2) (1,2)
Late Caretaker (3,5) (4,6) (3,5) (4,5) (3,5) (3,3) (2,4)
Late Trainee (0,1) (0,0) (1,2) (0,0) (1,2) (1,2) (1,1)
Night HeadNurse (1,1) (1,1) (0,0) (0,0) (0,0) (0,0) (0,0)
Night Nurse (2,2) (2,2) (2,2) (2,2) (1,3) (1,1) (1,1)
Night Caretaker (2,4) (4,7) (2,5) (3,5) (4,6) (2,2) (1,2)
Night Trainee (1,1) (0,0) (1,2) (1,1) (1,1) (1,2) (1,1)

SHIFT_OFF_REQUESTS = 1
HN_4 Night Sat 
