WEEK_DATA
n035w16

REQUIREMENTS
Early HeadNurse (0,0) (1,1) (0,0) (0,0) (1,1) (0,0) (1,1)
Early Nurse (1,1) (1,1) (1,1) (1,1) (1,1) (1,2) (1,1)
Early Caretaker (2,4) (2,2) (3,3) (1,3) (2,3) (1,2) (0,1)
Early Trainee (1,1) (0,0) (0,0) (0,1) (0,0) (0,0) (0,0)
Day HeadNurse (0,0) (0,0) (0,0) (0,0) (0,0) (0,0) (1,1)
Day Nurse (1,1) (1,1) (1,1) (1,1) (1,1) (1,1) (1,1)
Day Caretaker (2,3) (1,2) (2,3) (2,4) (2,2) (1,1) (1,2)
Day Trainee (0,1) (1,1) (0,1) (1,2) (1,1) (1,1) (1,1)
Late HeadNurse (0,0) (1,1) (0,0) (0,0) (0,0) (0,0) (0,0)
Late Nurse (1,1) (1,1) (1,1) (1,2) (1,1) (1,1) (1,1)
Late Caretaker (1,2) (2,3) (1,3) (2,4) (2,3) (1,1) (0,0)
Late Trainee (1,1) (1,1) (1,1) (1,1) (0,1) (0,1) (0,0)
Night HeadNurse (1,1) (0,0) (0,0) (0,0) (0,0) (0,0) (0,0)
Night Nurse (1,1) (1,1) (1,1) (1,1) (1,2) (1,1) (1,1)
Night Caretaker (1,2) (2,3) (2,4) (2,2) (0,2) (0,1) (1,2)
Night Trainee (1,1) (1,1) (1,2) (1,1) (1,1) (0,0) (0,0)

SHIFT_OFF_REQUESTS = 2
NU_15 Any Wed 
TR_32 Any Wed 
