WEEK_DATA
n035w16

REQUIREMENTS
Early HeadNurse (0,0) (0,0) (1,1) (0,0) (0,0) (1,1) (0,0)
Early Nurse (1,1) (1,1) (1,1) (1,1) (1,1) (1,1) (1,1)
Early Caretaker (0,2) (2,3) (1,3) (1,2) (3,3) (1,1) (0,2)
Early Trainee (1,1) (1,1) (1,1) (1,1) (0,0) (0,1) (1,1)
Day HeadNurse (1,1) (0,0) (0,0) (1,1) (0,0) (1,1) (0,0)
Day Nurse (1,2) (1,1) (1,1) (1,1) (1,1) (1,1) (1,1)
Day Caretaker (1,4) (1,4) (2,2) (1,2) (1,3) (1,2) (0,1)
Day Trainee (1,1) (0,0) (1,1) (1,1) (1,1) (0,0) (1,1)
Late HeadNurse (0,0) (0,0) (1,1) (0,0) (0,0) (0,0) (0,0)
Late Nurse (1,1) (1,1) (1,2) (1,1) (1,1) (1,1) (1,1)
Late Caretaker (2,4) (2,2) (2,2) (2,3) (3,3) (0,1) (1,1)
Late Trainee (0,0) (1,1) (1,1) (0,1) (1,1) (1,1) (1,1)
Night HeadNurse (0,0) (0,0) (0,0) (0,0) (0,0) (0,0) (0,0)
Night Nurse (1,1) (1,1) (1,1) (1,1) (1,1) (1,1) (1,1)
Night Caretaker (1,2) (3,4) (2,3) (2,4) (2,3) (1,2) (0,1)
Night Trainee (0,0) (1,1) (0,0) (1,1) (1,1) (1,1) (1,1)

SHIFT_OFF_REQUESTS = 2
TR_33 Day Wed 
TR_31 Any Thu 
