ComC Weight     Week       Soft Penalty        
=================================================================
0               0          1255.0              
0               1          1750.0              
0               2          1610.0              
0               3          1245.0              
Execution time        76.74 seconds
-----------------------------------------------------------------
50              0          1210.0              
50              1          1740.0              
50              2          1490.0              
50              3          1670.0              
Execution time        145.18 seconds
-----------------------------------------------------------------
100             0          1350.0              
100             1          2015.0              
100             2          1540.0              
100             3          1725.0              
Execution time        152.35 seconds
-----------------------------------------------------------------
150             0          1240.0              
150             1          1620.0              
150             2          1385.0              
150             3          1780.0              
Execution time        153.33 seconds
-----------------------------------------------------------------
200             0          1540.0              
200             1          1790.0              
200             2          1365.0              
200             3          1590.0              
Execution time        154.50 seconds
-----------------------------------------------------------------
250             0          1160.0              
250             1          1655.0              
250             2          1900.0              
250             3          1585.0              
Execution time        154.38 seconds
-----------------------------------------------------------------
300             0          1450.0              
300             1          1690.0              
300             2          1895.0              
300             3          1785.0              
Execution time        154.01 seconds
-----------------------------------------------------------------
350             0          1405.0              
350             1          1700.0              
350             2          1800.0              
350             3          2490.0              
Execution time        153.07 seconds
-----------------------------------------------------------------
400             0          1205.0              
400             1          1485.0              
400             2          1685.0              
400             3          2615.0              
Execution time        156.96 seconds
-----------------------------------------------------------------
450             0          1480.0              
450             1          2170.0              
450             2          1685.0              
450             3          1925.0              
Execution time        144.46 seconds
-----------------------------------------------------------------
500             0          1655.0              
500             1          1935.0              
500             2          1865.0              
500             3          1960.0              
Execution time        147.70 seconds
-----------------------------------------------------------------
550             0          1335.0              
550             1          1915.0              
550             2          1785.0              
550             3          2855.0              
Execution time        138.85 seconds
-----------------------------------------------------------------
600             0          2140.0              
600             1          1855.0              
600             2          2325.0              
600             3          2855.0              
Execution time        140.86 seconds
-----------------------------------------------------------------
650             0          2135.0              
650             1          1870.0              
650             2          1670.0              
650             3          3370.0              
Execution time        143.36 seconds
-----------------------------------------------------------------
700             0          2320.0              
700             1          1990.0              
700             2          2625.0              
700             3          1965.0              
Execution time        150.04 seconds
-----------------------------------------------------------------
750             0          1730.0              
750             1          1595.0              
750             2          2460.0              
750             3          2975.0              
Execution time        151.21 seconds
-----------------------------------------------------------------
800             0          1640.0              
800             1          1650.0              
800             2          2235.0              
800             3          3150.0              
Execution time        150.61 seconds
-----------------------------------------------------------------
850             0          1660.0              
850             1          2595.0              
850             2          2030.0              
850             3          2100.0              
Execution time        153.00 seconds
-----------------------------------------------------------------
900             0          1445.0              
900             1          1880.0              
900             2          2910.0              
900             3          1885.0              
Execution time        153.67 seconds
-----------------------------------------------------------------
950             0          2655.0              
950             1          2095.0              
950             2          1800.0              
950             3          2900.0              
Execution time        152.74 seconds
-----------------------------------------------------------------
1000            0          2435.0              
1000            1          1650.0              
1000            2          2655.0              
1000            3          2910.0              
Execution time        151.33 seconds
-----------------------------------------------------------------
