ComC Weight     Week       Soft Penalty        
=================================================================
0               0          1000.0              
0               1          1230.0              
0               2          1395.0              
0               3          1635.0              
Execution time        67.28 seconds
-----------------------------------------------------------------
50              0          1090.0              
50              1          1655.0              
50              2          1415.0              
50              3          1810.0              
Execution time        106.75 seconds
-----------------------------------------------------------------
100             0          1480.0              
100             1          1530.0              
100             2          1340.0              
100             3          1445.0              
Execution time        107.60 seconds
-----------------------------------------------------------------
150             0          1110.0              
150             1          1175.0              
150             2          2542.34             
150             3          1130.0              
Execution time        109.20 seconds
-----------------------------------------------------------------
200             0          1445.0              
200             1          1625.0              
200             2          1765.0              
200             3          1865.0              
Execution time        108.38 seconds
-----------------------------------------------------------------
250             0          1565.0              
250             1          1390.0              
250             2          1555.0              
250             3          1800.0              
Execution time        108.94 seconds
-----------------------------------------------------------------
300             0          1070.0              
300             1          3320.0              
300             2          1475.0              
300             3          2405.0              
Execution time        106.38 seconds
-----------------------------------------------------------------
350             0          1440.0              
350             1          1630.0              
350             2          1870.0              
350             3          2150.0              
Execution time        107.11 seconds
-----------------------------------------------------------------
400             0          2525.0              
400             1          2335.0              
400             2          1820.0              
400             3          2645.0              
Execution time        106.06 seconds
-----------------------------------------------------------------
450             0          2745.0              
450             1          1865.0              
450             2          4685.0              
450             3          2855.0              
Execution time        105.34 seconds
-----------------------------------------------------------------
500             0          2800.0              
500             1          4440.0              
500             2          3485.0              
500             3          2980.0              
Execution time        105.44 seconds
-----------------------------------------------------------------
550             0          2850.0              
550             1          3330.0              
550             2          2340.0              
550             3          2455.0              
Execution time        105.98 seconds
-----------------------------------------------------------------
600             0          2405.0              
600             1          3265.0              
600             2          1885.0              
600             3          2725.0              
Execution time        107.81 seconds
-----------------------------------------------------------------
650             0          2600.0              
650             1          2190.0              
650             2          3310.0              
650             3          2405.0              
Execution time        106.54 seconds
-----------------------------------------------------------------
700             0          5120.0              
700             1          2305.0              
700             2          2080.0              
700             3          3705.0              
Execution time        106.85 seconds
-----------------------------------------------------------------
750             0          2335.0              
750             1          2560.0              
750             2          1975.0              
750             3          3010.0              
Execution time        104.45 seconds
-----------------------------------------------------------------
800             0          2845.0              
800             1          1135.0              
800             2          4255.0              
800             3          4100.0              
Execution time        104.66 seconds
-----------------------------------------------------------------
850             0          5030.0              
850             1          3550.0              
850             2          3155.0              
850             3          3815.0              
Execution time        104.47 seconds
-----------------------------------------------------------------
900             0          3170.0              
900             1          3205.0              
900             2          2185.0              
900             3          3045.0              
Execution time        103.16 seconds
-----------------------------------------------------------------
950             0          5255.0              
950             1          1830.0              
950             2          3370.0              
950             3          2925.0              
Execution time        104.69 seconds
-----------------------------------------------------------------
1000            0          2810.0              
1000            1          2350.0              
1000            2          2235.0              
1000            3          2425.0              
Execution time        104.15 seconds
-----------------------------------------------------------------
