ComC Weight     Week       Soft Penalty        
=================================================================
0               0          570.0               
0               1          885.0               
0               2          1070.0              
0               3          1000.0              
Execution time        50.42 seconds
-----------------------------------------------------------------
50              0          595.0               
50              1          1095.0              
50              2          620.0               
50              3          1455.0              
Execution time        79.48 seconds
-----------------------------------------------------------------
100             0          570.0               
100             1          865.0               
100             2          850.0               
100             3          910.0               
Execution time        75.72 seconds
-----------------------------------------------------------------
150             0          805.0               
150             1          1190.0              
150             2          860.0               
150             3          1300.0              
Execution time        75.02 seconds
-----------------------------------------------------------------
200             0          1055.0              
200             1          1195.0              
200             2          1125.0              
200             3          1869.64             
Execution time        74.59 seconds
-----------------------------------------------------------------
250             0          4180.0              
250             1          1920.0              
250             2          3945.0              
250             3          1905.0              
Execution time        75.81 seconds
-----------------------------------------------------------------
300             0          4200.0              
300             1          4430.0              
300             2          4165.0              
300             3          5303.17             
Execution time        73.89 seconds
-----------------------------------------------------------------
350             0          2615.0              
350             1          5950.0              
350             2          7295.0              
350             3          5040.0              
Execution time        73.56 seconds
-----------------------------------------------------------------
400             0          4895.0              
400             1          2260.0              
400             2          3660.0              
400             3          6991.51             
Execution time        72.73 seconds
-----------------------------------------------------------------
450             0          3480.0              
450             1          5765.0              
450             2          7200.0              
450             3          3395.0              
Execution time        71.42 seconds
-----------------------------------------------------------------
500             0          7265.0              
500             1          6075.0              
500             2          5680.0              
500             3          4115.0              
Execution time        72.00 seconds
-----------------------------------------------------------------
550             0          2505.0              
550             1          7515.0              
550             2          6850.0              
550             3          4155.0              
Execution time        71.09 seconds
-----------------------------------------------------------------
600             0          2850.0              
600             1          6720.0              
600             2          5125.0              
600             3          6580.0              
Execution time        73.45 seconds
-----------------------------------------------------------------
650             0          4545.0              
650             1          3790.0              
650             2          7130.0              
650             3          4055.0              
Execution time        72.91 seconds
-----------------------------------------------------------------
700             0          9370.0              
700             1          3760.0              
700             2          7300.0              
700             3          4865.0              
Execution time        71.47 seconds
-----------------------------------------------------------------
750             0          5770.0              
750             1          4150.0              
750             2          5445.0              
750             3          4005.0              
Execution time        72.20 seconds
-----------------------------------------------------------------
800             0          9455.0              
800             1          6200.0              
800             2          9650.0              
800             3          3825.0              
Execution time        71.47 seconds
-----------------------------------------------------------------
850             0          7310.0              
850             1          3845.0              
850             2          7090.0              
850             3          3940.0              
Execution time        72.92 seconds
-----------------------------------------------------------------
900             0          9035.0              
900             1          5640.0              
900             2          5080.0              
900             3          5090.0              
Execution time        71.57 seconds
-----------------------------------------------------------------
950             0          6695.0              
950             1          5810.0              
950             2          7670.0              
950             3          2740.0              
Execution time        70.87 seconds
-----------------------------------------------------------------
1000            0          4545.0              
1000            1          5990.0              
1000            2          7935.0              
1000            3          8680.0              
Execution time        70.44 seconds
-----------------------------------------------------------------
