ComC Weight     Week       Soft Penalty        
=================================================================
0               0          4385.0              
0               1          5195.0              
0               2          6310.0              
0               3          6600.0              
Execution time        168.82 seconds
-----------------------------------------------------------------
50              0          4515.0              
50              1          6695.0              
50              2          6600.0              
50              3          6275.0              
Execution time        549.21 seconds
-----------------------------------------------------------------
100             0          4930.0              
100             1          6325.0              
100             2          6070.0              
100             3          5890.0              
Execution time        552.49 seconds
-----------------------------------------------------------------
150             0          4995.0              
150             1          6045.0              
150             2          6919.48             
150             3          7138.38             
Execution time        555.56 seconds
-----------------------------------------------------------------
200             0          5125.0              
200             1          6820.0              
200             2          6065.0              
200             3          6135.0              
Execution time        554.62 seconds
-----------------------------------------------------------------
250             0          4785.0              
250             1          5505.0              
250             2          5905.0              
250             3          6000.0              
Execution time        554.38 seconds
-----------------------------------------------------------------
300             0          4410.0              
300             1          6060.0              
300             2          6081.03             
300             3          5990.0              
Execution time        553.16 seconds
-----------------------------------------------------------------
350             0          4755.0              
350             1          6325.0              
350             2          5945.0              
350             3          6707.13             
Execution time        556.90 seconds
-----------------------------------------------------------------
400             0          4845.0              
400             1          5740.0              
400             2          5720.0              
400             3          6470.0              
Execution time        553.08 seconds
-----------------------------------------------------------------
450             0          5140.0              
450             1          5775.0              
450             2          4705.0              
450             3          6465.0              
Execution time        553.39 seconds
-----------------------------------------------------------------
500             0          4665.0              
500             1          7104.54             
500             2          6255.0              
500             3          6585.0              
Execution time        568.68 seconds
-----------------------------------------------------------------
550             0          5100.0              
550             1          5335.0              
550             2          6080.0              
550             3          6230.0              
Execution time        568.00 seconds
-----------------------------------------------------------------
600             0          4505.0              
600             1          6750.0              
600             2          5775.35             
600             3          6640.0              
Execution time        580.96 seconds
-----------------------------------------------------------------
650             0          4885.0              
650             1          18664.63            
650             2          6040.0              
650             3          6815.0              
Execution time        553.49 seconds
-----------------------------------------------------------------
700             0          5705.0              
700             1          6245.0              
700             2          5445.0              
700             3          5920.0              
Execution time        571.77 seconds
-----------------------------------------------------------------
750             0          5255.0              
750             1          5455.0              
750             2          5495.0              
750             3          6295.0              
Execution time        554.65 seconds
-----------------------------------------------------------------
800             0          4445.0              
800             1          6200.0              
800             2          5145.0              
800             3          6685.0              
Execution time        553.73 seconds
-----------------------------------------------------------------
850             0          5258.64             
850             1          4790.0              
850             2          5695.0              
850             3          22108.18            
Execution time        567.92 seconds
-----------------------------------------------------------------
900             0          4555.0              
900             1          5810.0              
900             2          5955.0              
900             3          7130.0              
Execution time        575.11 seconds
-----------------------------------------------------------------
950             0          5180.0              
950             1          5460.0              
950             2          6340.0              
950             3          6270.0              
Execution time        568.48 seconds
-----------------------------------------------------------------
1000            0          5100.0              
1000            1          5705.0              
1000            2          6165.0              
1000            3          6115.0              
Execution time        568.52 seconds
-----------------------------------------------------------------
