ComC Weight     Week       Soft Penalty        
=================================================================
0               0          2310.0              
0               1          3155.0              
0               2          3045.0              
0               3          3085.0              
Execution time        136.24 seconds
-----------------------------------------------------------------
50              0          2975.0              
50              1          3445.0              
50              2          4105.0              
50              3          3240.0              
Execution time        408.60 seconds
-----------------------------------------------------------------
100             0          2445.0              
100             1          3285.0              
100             2          3720.0              
100             3          2975.0              
Execution time        413.01 seconds
-----------------------------------------------------------------
150             0          2170.0              
150             1          2905.0              
150             2          3220.0              
150             3          3470.0              
Execution time        413.39 seconds
-----------------------------------------------------------------
200             0          3000.0              
200             1          2845.0              
200             2          3195.0              
200             3          4340.0              
Execution time        404.10 seconds
-----------------------------------------------------------------
250             0          2855.0              
250             1          3410.0              
250             2          4730.0              
250             3          3480.0              
Execution time        401.74 seconds
-----------------------------------------------------------------
300             0          3035.0              
300             1          3315.0              
300             2          3425.0              
300             3          3125.0              
Execution time        402.92 seconds
-----------------------------------------------------------------
350             0          2655.0              
350             1          3920.0              
350             2          3170.0              
350             3          3175.0              
Execution time        410.57 seconds
-----------------------------------------------------------------
400             0          2785.0              
400             1          3155.0              
400             2          3620.0              
400             3          3475.0              
Execution time        405.47 seconds
-----------------------------------------------------------------
450             0          2450.0              
450             1          3515.0              
450             2          3785.0              
450             3          3365.0              
Execution time        404.81 seconds
-----------------------------------------------------------------
500             0          2755.0              
500             1          3130.0              
500             2          3395.0              
500             3          2715.0              
Execution time        405.34 seconds
-----------------------------------------------------------------
550             0          2110.0              
550             1          3955.0              
550             2          3385.0              
550             3          2865.0              
Execution time        408.99 seconds
-----------------------------------------------------------------
600             0          2160.0              
600             1          3815.0              
600             2          3940.0              
600             3          3115.0              
Execution time        402.29 seconds
-----------------------------------------------------------------
650             0          2595.0              
650             1          3295.0              
650             2          3885.0              
650             3          3450.0              
Execution time        407.73 seconds
-----------------------------------------------------------------
700             0          2395.0              
700             1          3824.73             
700             2          3420.0              
700             3          3365.0              
Execution time        402.67 seconds
-----------------------------------------------------------------
750             0          2610.0              
750             1          3175.0              
750             2          4125.0              
750             3          3385.0              
Execution time        415.11 seconds
-----------------------------------------------------------------
800             0          2725.0              
800             1          3020.0              
800             2          4015.0              
800             3          3290.0              
Execution time        397.94 seconds
-----------------------------------------------------------------
850             0          2540.0              
850             1          2960.0              
850             2          3550.0              
850             3          2615.0              
Execution time        398.73 seconds
-----------------------------------------------------------------
900             0          2905.0              
900             1          2930.0              
900             2          3455.0              
900             3          3150.0              
Execution time        396.37 seconds
-----------------------------------------------------------------
950             0          2610.0              
950             1          3240.0              
950             2          3615.0              
950             3          2450.0              
Execution time        396.77 seconds
-----------------------------------------------------------------
1000            0          2685.0              
1000            1          3660.0              
1000            2          3665.0              
1000            3          3740.0              
Execution time        401.00 seconds
-----------------------------------------------------------------
