ComC Weight     Week       Soft Penalty        
=================================================================
0               0          635.0               
0               1          975.0               
0               2          640.0               
0               3          1055.0              
Execution time        33.22 seconds
-----------------------------------------------------------------
5               0          755.0               
5               1          1010.0              
5               2          700.0               
5               3          1145.0              
Execution time        60.39 seconds
-----------------------------------------------------------------
10              0          645.0               
10              1          875.0               
10              2          530.0               
10              3          1345.0              
Execution time        61.78 seconds
-----------------------------------------------------------------
15              0          585.0               
15              1          845.0               
15              2          800.0               
15              3          1135.0              
Execution time        60.86 seconds
-----------------------------------------------------------------
20              0          630.0               
20              1          935.0               
20              2          830.0               
20              3          1040.0              
Execution time        60.59 seconds
-----------------------------------------------------------------
25              0          700.0               
25              1          1010.0              
25              2          995.0               
25              3          1105.0              
Execution time        60.96 seconds
-----------------------------------------------------------------
30              0          805.0               
30              1          1105.0              
30              2          850.0               
30              3          1080.0              
Execution time        59.42 seconds
-----------------------------------------------------------------
35              0          610.0               
35              1          1030.0              
35              2          805.0               
35              3          1095.0              
Execution time        60.63 seconds
-----------------------------------------------------------------
40              0          605.0               
40              1          1455.0              
40              2          615.0               
40              3          1015.0              
Execution time        61.27 seconds
-----------------------------------------------------------------
45              0          615.0               
45              1          840.0               
45              2          800.0               
45              3          2175.0              
Execution time        60.34 seconds
-----------------------------------------------------------------
50              0          775.0               
50              1          1045.0              
50              2          810.0               
50              3          1100.0              
Execution time        62.63 seconds
-----------------------------------------------------------------
55              0          1000.0              
55              1          2105.0              
55              2          755.0               
55              3          1055.0              
Execution time        63.36 seconds
-----------------------------------------------------------------
60              0          945.0               
60              1          1080.0              
60              2          950.0               
60              3          925.0               
Execution time        62.32 seconds
-----------------------------------------------------------------
65              0          625.0               
65              1          865.0               
65              2          620.0               
65              3          965.0               
Execution time        62.14 seconds
-----------------------------------------------------------------
70              0          810.0               
70              1          1820.0              
70              2          795.0               
70              3          1145.0              
Execution time        60.57 seconds
-----------------------------------------------------------------
75              0          735.0               
75              1          1255.0              
75              2          580.0               
75              3          1190.0              
Execution time        63.00 seconds
-----------------------------------------------------------------
80              0          790.0               
80              1          950.0               
80              2          920.0               
80              3          1135.0              
Execution time        62.10 seconds
-----------------------------------------------------------------
85              0          640.0               
85              1          1205.0              
85              2          950.0               
85              3          1115.0              
Execution time        61.11 seconds
-----------------------------------------------------------------
90              0          695.0               
90              1          910.0               
90              2          735.0               
90              3          1905.0              
Execution time        61.83 seconds
-----------------------------------------------------------------
95              0          610.0               
95              1          845.0               
95              2          795.0               
95              3          935.0               
Execution time        63.55 seconds
-----------------------------------------------------------------
100             0          770.0               
100             1          990.0               
100             2          830.0               
100             3          940.0               
Execution time        60.07 seconds
-----------------------------------------------------------------
105             0          765.0               
105             1          890.0               
105             2          880.0               
105             3          895.0               
Execution time        60.05 seconds
-----------------------------------------------------------------
110             0          775.0               
110             1          2035.0              
110             2          720.0               
110             3          1025.0              
Execution time        60.26 seconds
-----------------------------------------------------------------
115             0          665.0               
115             1          705.0               
115             2          860.0               
115             3          1150.0              
Execution time        60.53 seconds
-----------------------------------------------------------------
120             0          570.0               
120             1          1010.0              
120             2          780.0               
120             3          1025.0              
Execution time        60.60 seconds
-----------------------------------------------------------------
125             0          725.0               
125             1          1040.0              
125             2          1655.0              
125             3          1130.0              
Execution time        60.43 seconds
-----------------------------------------------------------------
130             0          620.0               
130             1          680.0               
130             2          860.0               
130             3          1285.0              
Execution time        59.94 seconds
-----------------------------------------------------------------
135             0          730.0               
135             1          995.0               
135             2          1030.0              
135             3          970.0               
Execution time        61.01 seconds
-----------------------------------------------------------------
140             0          670.0               
140             1          885.0               
140             2          810.0               
140             3          1015.0              
Execution time        61.39 seconds
-----------------------------------------------------------------
145             0          695.0               
145             1          1120.0              
145             2          580.0               
145             3          1005.0              
Execution time        60.42 seconds
-----------------------------------------------------------------
150             0          675.0               
150             1          1980.0              
150             2          1005.0              
150             3          2400.0              
Execution time        59.91 seconds
-----------------------------------------------------------------
155             0          775.0               
155             1          1025.0              
155             2          965.0               
155             3          745.0               
Execution time        60.39 seconds
-----------------------------------------------------------------
160             0          910.0               
160             1          19030.0             
160             2          1075.0              
160             3          1020.0              
Execution time        58.50 seconds
-----------------------------------------------------------------
165             0          835.0               
165             1          810.0               
165             2          690.0               
165             3          1035.0              
Execution time        60.44 seconds
-----------------------------------------------------------------
170             0          720.0               
170             1          1025.0              
170             2          705.0               
170             3          1260.0              
Execution time        59.13 seconds
-----------------------------------------------------------------
175             0          575.0               
175             1          820.0               
175             2          795.0               
175             3          1150.0              
Execution time        60.67 seconds
-----------------------------------------------------------------
180             0          660.0               
180             1          875.0               
180             2          830.0               
180             3          2125.0              
Execution time        60.51 seconds
-----------------------------------------------------------------
185             0          690.0               
185             1          960.0               
185             2          940.0               
185             3          1055.0              
Execution time        59.16 seconds
-----------------------------------------------------------------
190             0          705.0               
190             1          895.0               
190             2          630.0               
190             3          1075.0              
Execution time        60.52 seconds
-----------------------------------------------------------------
195             0          585.0               
195             1          1005.0              
195             2          600.0               
195             3          1270.0              
Execution time        59.81 seconds
-----------------------------------------------------------------
200             0          755.0               
200             1          900.0               
200             2          24760.0             
200             3          1125.0              
Execution time        58.13 seconds
-----------------------------------------------------------------
205             0          690.0               
205             1          1010.0              
205             2          24535.0             
205             3          1130.0              
Execution time        58.90 seconds
-----------------------------------------------------------------
210             0          21475.0             
210             1          830.0               
210             2          710.0               
210             3          1155.0              
Execution time        58.49 seconds
-----------------------------------------------------------------
215             0          21280.0             
215             1          900.0               
215             2          19845.0             
215             3          1305.0              
Execution time        57.51 seconds
-----------------------------------------------------------------
220             0          810.0               
220             1          980.0               
220             2          3025.0              
220             3          1245.0              
Execution time        60.32 seconds
-----------------------------------------------------------------
225             0          615.0               
225             1          21395.0             
225             2          17040.0             
225             3          23400.0             
Execution time        55.60 seconds
-----------------------------------------------------------------
230             0          650.0               
230             1          17920.0             
230             2          20280.0             
230             3          1110.0              
Execution time        56.87 seconds
-----------------------------------------------------------------
235             0          20785.0             
235             1          2210.0              
235             2          22655.0             
235             3          23720.0             
Execution time        54.60 seconds
-----------------------------------------------------------------
240             0          22125.0             
240             1          19665.0             
240             2          16920.0             
240             3          1065.0              
Execution time        55.66 seconds
-----------------------------------------------------------------
245             0          18810.0             
245             1          1150.0              
245             2          780.0               
245             3          29030.0             
Execution time        57.87 seconds
-----------------------------------------------------------------
250             0          22640.0             
250             1          22345.0             
250             2          22220.0             
250             3          21905.0             
Execution time        54.27 seconds
-----------------------------------------------------------------
