ComC Weight     Week       Soft Penalty        
=================================================================
0               0          2820.0              
0               1          4410.0              
0               2          3640.0              
0               3          4180.0              
Execution time        84.85 seconds
-----------------------------------------------------------------
50              0          3400.0              
50              1          3695.0              
50              2          4125.0              
50              3          3015.0              
Execution time        183.37 seconds
-----------------------------------------------------------------
100             0          3855.0              
100             1          4655.0              
100             2          4615.0              
100             3          3770.0              
Execution time        180.79 seconds
-----------------------------------------------------------------
150             0          3435.0              
150             1          3655.0              
150             2          4200.0              
150             3          3990.0              
Execution time        181.06 seconds
-----------------------------------------------------------------
200             0          3595.0              
200             1          4025.0              
200             2          4055.0              
200             3          4035.0              
Execution time        185.15 seconds
-----------------------------------------------------------------
250             0          3220.0              
250             1          3650.0              
250             2          4695.0              
250             3          4123.93             
Execution time        183.87 seconds
-----------------------------------------------------------------
300             0          3905.0              
300             1          3965.0              
300             2          2935.0              
300             3          5272.99             
Execution time        181.88 seconds
-----------------------------------------------------------------
350             0          3270.0              
350             1          3235.0              
350             2          3730.0              
350             3          4509.56             
Execution time        181.07 seconds
-----------------------------------------------------------------
400             0          3215.0              
400             1          4405.0              
400             2          3945.0              
400             3          3580.0              
Execution time        181.65 seconds
-----------------------------------------------------------------
450             0          3675.0              
450             1          4839.06             
450             2          4010.0              
450             3          4550.0              
Execution time        180.53 seconds
-----------------------------------------------------------------
500             0          3100.0              
500             1          4450.0              
500             2          3360.0              
500             3          5140.0              
Execution time        182.97 seconds
-----------------------------------------------------------------
550             0          2855.0              
550             1          3993.94             
550             2          4105.0              
550             3          4897.15             
Execution time        181.16 seconds
-----------------------------------------------------------------
600             0          3485.0              
600             1          4670.0              
600             2          3855.0              
600             3          4965.0              
Execution time        180.82 seconds
-----------------------------------------------------------------
650             0          3240.0              
650             1          3770.0              
650             2          5170.0              
650             3          4085.0              
Execution time        180.98 seconds
-----------------------------------------------------------------
700             0          2970.0              
700             1          3915.0              
700             2          4375.0              
700             3          6020.0              
Execution time        182.56 seconds
-----------------------------------------------------------------
750             0          3370.0              
750             1          4535.0              
750             2          4195.0              
750             3          4810.0              
Execution time        182.41 seconds
-----------------------------------------------------------------
800             0          3510.0              
800             1          4605.0              
800             2          4105.0              
800             3          4485.0              
Execution time        182.15 seconds
-----------------------------------------------------------------
850             0          3270.0              
850             1          4485.0              
850             2          4195.0              
850             3          4425.0              
Execution time        182.20 seconds
-----------------------------------------------------------------
900             0          3525.0              
900             1          4255.0              
900             2          3810.0              
900             3          4165.0              
Execution time        180.80 seconds
-----------------------------------------------------------------
950             0          3325.0              
950             1          4680.0              
950             2          6045.0              
950             3          4080.0              
Execution time        181.66 seconds
-----------------------------------------------------------------
1000            0          2940.0              
1000            1          3795.0              
1000            2          4921.04             
1000            3          3965.0              
Execution time        181.60 seconds
-----------------------------------------------------------------
