WEEK_DATA
n030w16

REQUIREMENTS
Early HeadNurse (1,1) (0,0) (1,1) (0,0) (0,0) (0,0) (0,0)
Early Nurse (1,1) (1,2) (1,2) (1,1) (1,1) (1,1) (1,2)
Early Caretaker (2,2) (3,4) (3,4) (3,3) (3,4) (1,1) (2,2)
Early Trainee (1,1) (0,0) (0,0) (0,0) (1,1) (1,1) (0,0)
Day HeadNurse (0,0) (0,0) (0,0) (0,0) (0,0) (0,0) (0,0)
Day Nurse (1,2) (1,1) (1,2) (1,1) (1,1) (1,1) (1,1)
Day Caretaker (2,3) (2,2) (2,2) (1,1) (2,3) (1,1) (1,1)
Day Trainee (1,1) (1,1) (1,1) (0,0) (0,0) (0,0) (1,1)
Late HeadNurse (0,0) (1,1) (1,1) (0,0) (1,1) (0,0) (0,0)
Late Nurse (1,1) (1,1) (1,1) (1,1) (1,1) (1,1) (1,1)
Late Caretaker (2,2) (3,4) (2,2) (2,3) (3,3) (0,0) (2,2)
Late Trainee (1,1) (0,0) (1,1) (1,1) (1,1) (1,1) (1,1)
Night HeadNurse (0,0) (1,1) (0,0) (0,0) (0,0) (0,0) (0,0)
Night Nurse (1,1) (1,1) (1,2) (1,2) (1,1) (1,2) (1,1)
Night Caretaker (1,3) (3,4) (2,2) (2,2) (2,2) (1,1) (1,2)
Night Trainee (0,0) (1,1) (0,0) (0,0) (1,1) (0,0) (1,1)

SHIFT_OFF_REQUESTS = 2
HN_3 Late Mon 
NU_5 Any Sun 
