WEEK_DATA
n030w16

REQUIREMENTS
Early HeadNurse (1,1) (0,0) (0,0) (0,0) (0,0) (0,0) (0,0)
Early Nurse (1,2) (1,1) (1,1) (1,1) (1,1) (1,1) (1,1)
Early Caretaker (1,2) (3,4) (4,4) (2,2) (3,4) (0,0) (2,3)
Early Trainee (1,1) (1,1) (1,1) (0,0) (1,1) (0,0) (1,1)
Day HeadNurse (0,0) (0,0) (0,0) (0,0) (1,1) (0,0) (0,0)
Day Nurse (1,2) (1,1) (1,1) (1,1) (1,1) (1,1) (1,2)
Day Caretaker (2,3) (2,2) (1,3) (1,1) (3,3) (1,2) (1,1)
Day Trainee (0,0) (0,0) (1,1) (0,0) (0,0) (1,1) (0,1)
Late HeadNurse (0,0) (1,1) (0,0) (0,0) (0,0) (0,0) (0,0)
Late Nurse (1,1) (1,2) (1,1) (1,2) (1,2) (1,2) (1,1)
Late Caretaker (2,3) (3,3) (3,4) (2,4) (2,4) (0,0) (0,2)
Late Trainee (0,0) (1,1) (0,1) (1,1) (0,0) (1,1) (0,1)
Night HeadNurse (1,1) (1,1) (0,0) (1,1) (0,0) (0,0) (0,0)
Night Nurse (1,1) (1,1) (1,1) (1,1) (1,1) (1,1) (1,1)
Night Caretaker (1,2) (3,3) (3,3) (3,3) (2,3) (0,0) (0,1)
Night Trainee (1,1) (0,0) (1,1) (0,0) (0,1) (1,1) (1,1)

SHIFT_OFF_REQUESTS = 1
NU_7 Any Sun 
