WEEK_DATA
n100w32

REQUIREMENTS
Early HeadNurse (0,0) (1,1) (0,1) (1,1) (1,2) (0,0) (1,1)
Early Nurse (1,2) (1,2) (2,2) (1,2) (2,3) (1,1) (1,1)
Early Caretaker (4,6) (5,8) (4,6) (5,7) (3,6) (2,3) (2,3)
Early Trainee (2,3) (2,4) (2,4) (1,2) (2,3) (1,2) (0,1)
Day HeadNurse (0,1) (0,0) (0,0) (0,1) (0,0) (1,1) (1,1)
Day Nurse (2,2) (2,2) (1,1) (1,3) (2,2) (1,1) (1,1)
Day Caretaker (4,7) (3,6) (6,8) (6,8) (6,8) (2,3) (2,4)
Day Trainee (3,3) (3,4) (2,4) (2,2) (2,3) (1,1) (0,2)
Late HeadNurse (0,1) (0,1) (1,1) (1,2) (1,2) (1,1) (1,1)
Late Nurse (2,3) (2,3) (2,2) (2,2) (2,2) (1,1) (1,1)
Late Caretaker (2,6) (4,7) (3,6) (3,6) (4,5) (2,3) (2,3)
Late Trainee (0,1) (2,2) (1,2) (2,3) (1,2) (0,2) (1,1)
Night HeadNurse (1,2) (0,1) (0,0) (0,0) (0,0) (1,1) (1,1)
Night Nurse (2,2) (2,2) (1,1) (2,2) (1,2) (1,2) (1,1)
Night Caretaker (4,7) (5,7) (3,6) (4,6) (4,7) (2,4) (2,4)
Night Trainee (1,3) (2,2) (2,4) (1,1) (2,2) (1,2) (0,1)

SHIFT_OFF_REQUESTS = 1
CT_69 Any Fri 
