ComC Weight     Week       Soft Penalty        
=================================================================
0               0          650.0               
0               1          730.0               
0               2          865.0               
0               3          795.0               
Execution time        46.61 seconds
-----------------------------------------------------------------
50              0          890.0               
50              1          1075.0              
50              2          1000.0              
50              3          1120.0              
Execution time        48.80 seconds
-----------------------------------------------------------------
100             0          1722.24             
100             1          1085.0              
100             2          1095.0              
100             3          1305.0              
Execution time        48.79 seconds
-----------------------------------------------------------------
150             0          4370.0              
150             1          3620.0              
150             2          3835.0              
150             3          3385.0              
Execution time        47.31 seconds
-----------------------------------------------------------------
200             0          7610.0              
200             1          6415.0              
200             2          7735.0              
200             3          8045.0              
Execution time        45.51 seconds
-----------------------------------------------------------------
250             0          11445.0             
250             1          9545.0              
250             2          7390.0              
250             3          11150.0             
Execution time        43.90 seconds
-----------------------------------------------------------------
300             0          11110.0             
300             1          8590.0              
300             2          8145.0              
300             3          9015.0              
Execution time        44.53 seconds
-----------------------------------------------------------------
350             0          9425.0              
350             1          8345.0              
350             2          11270.0             
350             3          11895.0             
Execution time        43.35 seconds
-----------------------------------------------------------------
400             0          11130.0             
400             1          8960.0              
400             2          10585.0             
400             3          10580.0             
Execution time        44.89 seconds
-----------------------------------------------------------------
450             0          10790.0             
450             1          8745.0              
450             2          9155.0              
450             3          11215.0             
Execution time        43.70 seconds
-----------------------------------------------------------------
500             0          8275.0              
500             1          8130.0              
500             2          7905.0              
500             3          12460.0             
Execution time        44.69 seconds
-----------------------------------------------------------------
550             0          11383.13            
550             1          7085.0              
550             2          10370.0             
550             3          10235.0             
Execution time        44.22 seconds
-----------------------------------------------------------------
600             0          11780.0             
600             1          7185.0              
600             2          10435.0             
600             3          11295.0             
Execution time        43.79 seconds
-----------------------------------------------------------------
650             0          11645.0             
650             1          9470.0              
650             2          12725.0             
650             3          9695.77             
Execution time        43.55 seconds
-----------------------------------------------------------------
700             0          11225.0             
700             1          7690.0              
700             2          10405.0             
700             3          11485.0             
Execution time        43.71 seconds
-----------------------------------------------------------------
750             0          8415.0              
750             1          7580.0              
750             2          9430.0              
750             3          9895.0              
Execution time        44.22 seconds
-----------------------------------------------------------------
800             0          10870.0             
800             1          8555.0              
800             2          8250.0              
800             3          9055.0              
Execution time        43.09 seconds
-----------------------------------------------------------------
850             0          12560.0             
850             1          8625.0              
850             2          10955.0             
850             3          10025.0             
Execution time        43.48 seconds
-----------------------------------------------------------------
900             0          10045.0             
900             1          9990.0              
900             2          11530.0             
900             3          12720.0             
Execution time        41.50 seconds
-----------------------------------------------------------------
950             0          10235.0             
950             1          10755.0             
950             2          12885.0             
950             3          11715.0             
Execution time        44.13 seconds
-----------------------------------------------------------------
1000            0          9945.0              
1000            1          12745.0             
1000            2          11215.0             
1000            3          10630.0             
Execution time        43.01 seconds
-----------------------------------------------------------------
