ComC Weight     Week       Soft Penalty        
=================================================================
50              0          3595.0              
50              1          4085.0              
50              2          4660.0              
50              3          4200.0              
Execution time        296.08 seconds
-----------------------------------------------------------------
100             0          3685.0              
100             1          4285.0              
100             2          4185.0              
100             3          4045.0              
Execution time        297.47 seconds
-----------------------------------------------------------------
150             0          4055.0              
150             1          4055.0              
150             2          3800.0              
150             3          4375.0              
Execution time        295.89 seconds
-----------------------------------------------------------------
200             0          4370.0              
200             1          5475.0              
200             2          3620.0              
200             3          4095.0              
Execution time        296.08 seconds
-----------------------------------------------------------------
250             0          3410.0              
250             1          4440.0              
250             2          4290.0              
250             3          4195.0              
Execution time        284.05 seconds
-----------------------------------------------------------------
300             0          3845.0              
300             1          4620.0              
300             2          4060.0              
300             3          3745.0              
Execution time        287.10 seconds
-----------------------------------------------------------------
350             0          3355.0              
350             1          4485.0              
350             2          4405.0              
350             3          4125.0              
Execution time        288.14 seconds
-----------------------------------------------------------------
400             0          3510.0              
400             1          4400.0              
400             2          4680.0              
400             3          4285.0              
Execution time        287.67 seconds
-----------------------------------------------------------------
450             0          3385.0              
450             1          4744.7              
450             2          4945.0              
450             3          4160.0              
Execution time        285.96 seconds
-----------------------------------------------------------------
500             0          3855.0              
500             1          4165.0              
500             2          4485.0              
500             3          4165.0              
Execution time        288.98 seconds
-----------------------------------------------------------------
550             0          3185.0              
550             1          4085.0              
550             2          4115.0              
550             3          4500.0              
Execution time        286.60 seconds
-----------------------------------------------------------------
600             0          3515.0              
600             1          4990.0              
600             2          4930.0              
600             3          4940.0              
Execution time        291.06 seconds
-----------------------------------------------------------------
650             0          3725.0              
650             1          5035.0              
650             2          4280.0              
650             3          4395.0              
Execution time        287.08 seconds
-----------------------------------------------------------------
700             0          3625.0              
700             1          4200.0              
700             2          3905.0              
700             3          4015.0              
Execution time        286.10 seconds
-----------------------------------------------------------------
750             0          2995.0              
750             1          4751.66             
750             2          5715.0              
750             3          3745.0              
Execution time        286.99 seconds
-----------------------------------------------------------------
800             0          3575.0              
800             1          4420.0              
800             2          26842.01            
800             3          3935.0              
Execution time        289.85 seconds
-----------------------------------------------------------------
850             0          3470.0              
850             1          4130.0              
850             2          4765.0              
850             3          4420.0              
Execution time        285.95 seconds
-----------------------------------------------------------------
900             0          4545.0              
900             1          3945.0              
900             2          4810.0              
900             3          4735.0              
Execution time        288.06 seconds
-----------------------------------------------------------------
950             0          3750.0              
950             1          4100.0              
950             2          3790.0              
950             3          4815.0              
Execution time        288.30 seconds
-----------------------------------------------------------------
1000            0          3905.0              
1000            1          5050.0              
1000            2          5387.33             
1000            3          4065.0              
Execution time        291.05 seconds
-----------------------------------------------------------------
