WEEK_DATA
n030w32

REQUIREMENTS
Early HeadNurse (0,0) (0,0) (0,0) (0,0) (0,0) (1,1) (0,0)
Early Nurse (1,2) (1,1) (1,1) (1,1) (1,2) (1,1) (1,1)
Early Caretaker (2,2) (1,2) (2,3) (1,2) (2,3) (1,2) (0,0)
Early Trainee (0,0) (1,1) (0,0) (1,1) (0,0) (1,1) (1,1)
Day HeadNurse (1,1) (0,0) (0,0) (0,0) (1,1) (0,0) (0,0)
Day Nurse (1,2) (1,1) (1,1) (1,1) (1,1) (1,1) (1,1)
Day Caretaker (1,3) (1,2) (1,3) (1,3) (1,3) (1,1) (1,1)
Day Trainee (1,1) (1,1) (0,0) (0,0) (1,1) (0,0) (0,0)
Late HeadNurse (0,0) (0,0) (0,0) (0,0) (0,0) (0,0) (0,0)
Late Nurse (1,1) (1,2) (1,1) (1,1) (1,1) (1,1) (1,1)
Late Caretaker (3,3) (2,4) (1,2) (2,3) (2,3) (0,0) (1,1)
Late Trainee (1,1) (1,1) (0,0) (0,0) (0,0) (0,0) (1,1)
Night HeadNurse (0,0) (1,1) (1,1) (0,0) (0,0) (0,0) (0,0)
Night Nurse (1,1) (1,2) (1,1) (1,1) (1,1) (1,1) (1,1)
Night Caretaker (2,3) (1,1) (2,3) (2,2) (2,3) (1,2) (0,1)
Night Trainee (1,1) (1,1) (0,0) (0,0) (1,1) (0,0) (0,0)

SHIFT_OFF_REQUESTS = 1
HN_1 Late Sat 
