WEEK_DATA
n035w32

REQUIREMENTS
Early HeadNurse (0,0) (0,0) (1,1) (0,0) (0,0) (0,0) (0,0)
Early Nurse (1,1) (1,2) (1,1) (1,1) (1,2) (1,1) (1,1)
Early Caretaker (1,3) (2,3) (1,3) (1,2) (2,4) (1,1) (1,1)
Early Trainee (1,1) (0,0) (1,1) (1,2) (0,0) (1,1) (1,1)
Day HeadNurse (0,0) (0,0) (1,1) (1,1) (0,0) (0,0) (0,0)
Day Nurse (1,1) (1,2) (1,1) (1,1) (1,1) (1,1) (1,1)
Day Caretaker (1,2) (2,3) (3,3) (2,3) (1,2) (1,1) (0,1)
Day Trainee (0,1) (0,0) (0,1) (1,1) (1,2) (0,0) (1,1)
Late HeadNurse (1,1) (0,0) (0,0) (0,0) (0,0) (1,1) (0,0)
Late Nurse (1,1) (1,1) (1,1) (1,1) (1,1) (1,1) (1,1)
Late Caretaker (2,2) (2,3) (2,4) (2,4) (1,2) (1,2) (1,2)
Late Trainee (0,1) (0,0) (1,1) (1,1) (1,1) (1,1) (0,0)
Night HeadNurse (0,0) (1,1) (0,0) (0,0) (0,0) (0,0) (1,1)
Night Nurse (1,1) (1,1) (1,1) (1,1) (1,2) (1,1) (1,1)
Night Caretaker (2,3) (2,3) (1,2) (2,2) (2,3) (1,1) (1,1)
Night Trainee (1,1) (1,1) (0,0) (1,1) (0,0) (1,1) (1,1)

SHIFT_OFF_REQUESTS = 1
CT_25 Late Wed 
