WEEK_DATA
n120w16

REQUIREMENTS
Early HeadNurse (2,2) (2,2) (2,2) (2,3) (2,2) (0,0) (0,1)
Early Nurse (3,5) (3,3) (3,5) (3,4) (3,4) (3,3) (3,3)
Early Caretaker (6,8) (7,9) (5,7) (7,10) (6,8) (3,5) (3,4)
Early Trainee (3,5) (5,6) (5,5) (5,7) (5,6) (1,2) (1,2)
Day HeadNurse (1,1) (1,1) (0,1) (2,2) (2,2) (1,2) (0,1)
Day Nurse (4,4) (2,3) (3,5) (3,5) (3,4) (1,2) (1,1)
Day Caretaker (6,10) (6,10) (6,9) (7,9) (8,8) (3,5) (4,4)
Day Trainee (5,6) (4,5) (3,5) (2,4) (4,5) (1,1) (2,3)
Late HeadNurse (0,2) (2,2) (1,1) (2,3) (1,1) (1,1) (0,0)
Late Nurse (3,3) (4,4) (3,4) (5,5) (2,4) (2,3) (1,1)
Late Caretaker (7,9) (5,8) (6,8) (6,9) (7,11) (3,3) (4,5)
Late Trainee (4,6) (3,4) (3,5) (5,5) (5,6) (1,1) (1,2)
Night HeadNurse (1,1) (2,2) (2,2) (2,2) (0,1) (1,2) (0,1)
Night Nurse (3,4) (4,5) (3,5) (3,5) (2,4) (1,1) (2,2)
Night Caretaker (6,8) (9,11) (7,11) (5,9) (6,8) (4,5) (3,4)
Night Trainee (3,4) (2,4) (4,5) (3,6) (3,5) (2,2) (2,2)

SHIFT_OFF_REQUESTS = 2
CT_57 Any Wed 
NU_40 Early Thu 
