WEEK_DATA
n080w32

REQUIREMENTS
Early HeadNurse (1,1) (1,1) (0,0) (0,0) (1,1) (1,1) (1,1)
Early Nurse (1,2) (1,1) (1,1) (1,1) (1,2) (1,1) (1,1)
Early Caretaker (4,5) (4,8) (4,7) (2,6) (4,7) (1,4) (1,3)
Early Trainee (1,1) (2,2) (1,3) (2,3) (0,1) (1,1) (1,1)
Day HeadNurse (0,0) (0,0) (1,1) (0,0) (0,1) (1,1) (1,1)
Day Nurse (1,1) (1,2) (1,2) (1,1) (1,1) (1,2) (1,2)
Day Caretaker (4,5) (4,6) (4,7) (4,8) (4,7) (2,3) (1,2)
Day Trainee (1,2) (1,1) (2,2) (2,2) (2,3) (1,1) (1,1)
Late HeadNurse (1,1) (0,1) (1,1) (0,0) (1,1) (1,1) (1,1)
Late Nurse (1,1) (1,1) (1,1) (1,1) (1,2) (1,2) (1,1)
Late Caretaker (5,6) (3,6) (3,7) (5,6) (3,6) (2,3) (2,2)
Late Trainee (1,3) (2,2) (1,2) (1,2) (2,2) (0,1) (0,1)
Night HeadNurse (0,1) (0,1) (1,1) (1,1) (0,0) (1,1) (0,1)
Night Nurse (1,2) (1,1) (1,2) (1,2) (1,1) (1,1) (1,2)
Night Caretaker (2,7) (5,7) (4,6) (3,6) (4,5) (2,4) (2,3)
Night Trainee (2,3) (2,3) (1,2) (1,2) (1,3) (1,1) (1,1)

SHIFT_OFF_REQUESTS = 1
NU_14 Any Fri 
