WEEK_DATA
n050w16

REQUIREMENTS
Early HeadNurse (0,0) (0,0) (1,1) (0,0) (1,1) (0,0) (0,0)
Early Nurse (1,2) (1,3) (3,3) (3,3) (2,3) (1,1) (1,1)
Early Caretaker (2,4) (3,4) (2,3) (2,3) (3,5) (2,2) (1,3)
Early Trainee (1,1) (0,2) (1,2) (2,3) (1,1) (1,1) (1,1)
Day HeadNurse (1,1) (0,0) (0,0) (1,1) (0,0) (1,1) (0,0)
Day Nurse (2,3) (2,2) (2,3) (2,3) (2,3) (1,1) (1,1)
Day Caretaker (4,4) (2,4) (3,5) (4,4) (3,4) (0,1) (0,2)
Day Trainee (2,2) (1,2) (0,0) (2,3) (0,1) (0,0) (0,0)
Late HeadNurse (1,1) (0,0) (0,0) (0,0) (0,0) (0,0) (1,1)
Late Nurse (1,1) (2,3) (3,3) (1,2) (2,3) (1,1) (1,1)
Late Caretaker (3,4) (2,3) (3,5) (3,4) (1,3) (0,1) (2,2)
Late Trainee (1,2) (2,2) (2,2) (1,1) (2,2) (0,0) (0,0)
Night HeadNurse (0,0) (0,0) (0,0) (1,1) (1,1) (0,0) (1,1)
Night Nurse (1,2) (1,1) (1,3) (3,4) (1,2) (1,1) (1,1)
Night Caretaker (2,5) (4,5) (3,4) (3,4) (4,5) (0,2) (1,1)
Night Trainee (1,1) (1,1) (2,2) (0,0) (1,2) (1,1) (1,2)

SHIFT_OFF_REQUESTS = 1
NU_12 Any Fri 
