WEEK_DATA
n050w32

REQUIREMENTS
Early HeadNurse (0,0) (0,0) (1,1) (1,1) (0,0) (0,0) (0,0)
Early Nurse (2,3) (2,4) (1,2) (3,3) (1,1) (1,2) (1,1)
Early Caretaker (3,5) (3,5) (3,5) (3,5) (3,4) (0,1) (2,2)
Early Trainee (0,1) (1,1) (1,2) (2,2) (1,1) (1,1) (0,0)
Day HeadNurse (0,0) (0,0) (1,1) (0,0) (1,1) (0,0) (1,1)
Day Nurse (2,3) (1,2) (2,2) (1,2) (2,3) (1,1) (1,2)
Day Caretaker (2,5) (2,4) (2,5) (2,4) (3,4) (2,3) (2,3)
Day Trainee (1,2) (1,2) (1,1) (0,0) (1,1) (0,1) (1,1)
Late HeadNurse (0,0) (0,0) (1,1) (1,1) (0,0) (0,0) (0,0)
Late Nurse (1,3) (1,2) (1,2) (2,3) (2,2) (1,1) (1,1)
Late Caretaker (3,5) (2,4) (3,4) (2,3) (3,4) (2,2) (1,1)
Late Trainee (1,1) (2,2) (1,1) (2,3) (2,3) (0,0) (0,1)
Night HeadNurse (0,0) (0,0) (0,0) (1,1) (0,0) (1,1) (1,1)
Night Nurse (3,3) (1,3) (1,2) (1,2) (2,3) (1,1) (1,1)
Night Caretaker (2,5) (3,3) (2,5) (2,3) (2,4) (2,2) (2,2)
Night Trainee (2,3) (0,1) (2,2) (0,1) (1,1) (0,0) (1,2)

SHIFT_OFF_REQUESTS = 0
